1488,3
1488,2
1488,1
1488,0
1487,3
1487,2
1487,1
1487,0
1486,3
1486,2
1486,1
1486,0
1328,3
1328,1
1328,0
812,5
812,4
812,3
812,1
812,0
753,7
753,6
753,5
753,4
753,3
753,1
753,0
752,5
752,4
752,3
752,1
752,0
751,3
751,1
751,0
749,3
749,1
749,0
745,6
745,4
744,3
744,1
744,0
743,3
743,1
743,0
738,3
738,2
738,1
738,0
737,3
737,1
737,0
736,3
736,1
736,0
734,3
734,1
734,0
733,3
733,2
733,1
733,0
725,3
725,1
725,0
722,3
722,1
722,0
721,3
721,1
721,0
717,3
717,1
717,0
716,3
716,1
716,0
348,3
348,2
348,1
348,0
4,3
4,2
4,1
4,0
3,6
3,5
3,4
3,3
3,2
3,1
3,0
2,3
2,2
2,1
2,0
1,3
1,2
1,1
1,0
0,435
0,434
0,429
0,424
0,410
0,404
0,396
0,384
0,382
0,373
0,372
0,371
0,328
0,322
0,243
745,1
745,5
745,3
745,0
0,9
0,310
0,305
0,308
0,304
0,303
0,302
0,307
0,12
0,311
0,10
0,8
0,0
0,358
0,300
0,405
0,299
0,335
0,298
0,344
0,297
0,378
0,296
0,348
0,295
0,381
0,294
0,416
0,293
0,386
0,292
0,393
0,291
0,339
0,290
0,437
0,289
0,332
0,288
0,376
0,287
0,398
0,286
0,361
0,285
0,360
0,284
0,426
0,283
0,364
0,282
0,357
0,281
0,407
0,280
0,415
0,279
0,363
0,278
0,391
0,277
0,324
0,276
0,414
0,275
1329,0
1329,1
1330,0
1330,1
1330,3
1331,0
1331,2
1332,0
1332,1
1333,0
1333,1
1334,0
1334,2
1334,3
1335,1
1335,3
1336,1
1336,3
1336,5
1336,7
1336,8
1336,10
1336,11
1336,13
1336,15
1336,16
1336,18
1336,19
1336,21
1336,22
1337,0
1337,3
1338,0
1338,3
1339,0
1339,2
1340,0
1340,1
1340,3
1341,0
1341,3
1342,0
1342,3
1343,1
1343,3
1344,1
1344,3
1345,1
1345,3
1346,0
1346,3
1476,0
1476,3
1483,1
1483,2
1484,0
1484,1
1484,3
1485,0
1485,2
1485,3
1485,1
1484,2
1483,3
1483,0
1476,1
1346,1
1345,2
1345,0
1344,0
1343,0
1342,1
1341,1
1340,2
1339,3
1339,1
1338,1
1337,1
1336,23
1336,20
1336,17
1336,14
1336,12
1336,9
1336,6
1336,4
1336,0
1335,0
1334,1
1333,3
1332,3
1331,3
1331,1
1330,2
1329,3
0,422
0,274
0,340
0,273
0,427
0,272
0,325
0,271
0,323
0,270
0,350
0,269
0,428
0,268
0,267
0,402
0,266
0,401
0,265
0,442
0,264
0,355
0,263
0,319
0,262
0,301
0,261
0,413
0,260
0,425
0,259
0,342
0,258
0,388
0,257
0,389
0,256
0,385
0,255
0,347
0,254
0,439
0,253
0,375
0,252
0,433
0,251
0,345
0,250
0,336
0,249
0,369
0,248
0,420
0,247
0,329
0,246
0,377
0,245
0,338
0,244
0,411
0,242
0,418
0,241
0,370
0,240
0,343
0,239
0,419
0,238
0,440
0,237
0,236
0,446
0,235
0,351
0,234
0,327
0,233
0,387
0,232
0,383
0,231
0,318
0,230
0,316
0,229
0,400
0,228
0,441
0,227
0,353
0,226
0,366
0,225
0,403
0,224
0,356
0,223
0,365
0,222
0,317
0,221
0,220
0,367
0,219
0,330
0,218
0,321
0,217
0,333
0,216
0,334
0,215
0,315
0,214
0,445
0,213
0,431
0,212
0,314
0,211
0,362
0,210
0,394
0,209
0,436
0,208
0,443
0,207
0,326
0,206
0,380
0,205
0,399
0,204
0,337
0,203
0,312
0,202
0,313
0,201
0,432
0,200
0,423
0,199
0,320
0,198
0,444
0,197
0,354
0,196
0,421
0,195
0,447
0,194
0,412
0,193
0,331
0,192
0,395
0,63
0,392
0,62
0,430
0,61
0,390
0,60
0,349
0,59
0,374
0,58
0,409
0,57
0,309
0,56
0,417
0,55
0,352
0,54
0,346
0,53
0,306
0,52
0,397
0,51
0,368
0,50
0,341
0,49
0,379
0,48
0,438
0,47
0,408
0,46
0,406
0,45
0,359
0,6
0,5
0,1
0,11
0,4
0,2
0,3
0,7
