8326
8327
8331
8332
8341
8342
8343
8344
9888
9889
9890
9891
8325
8301
8302
8306
8307
8316
8317
8318
8319
9884
9885
9886
9887
8300
8268
8269
8273
8274
8283
8284
8285
8286
9880
9881
9882
9883
8267
8060
8061
8065
8066
8075
8076
8077
8078
10945
10946
10947
10948
8059
10958
10959
8080
10949
10950
10951
10952
10953
10954
10955
10956
10957
8038
8039
8041
8042
8050
8051
8052
8053
10688
10689
10690
10691
8037
1817
10916
10750
10752
10754
2454
2450
2451
2452
2453
10859
10860
10861
10862
10863
10864
10865
10866
7937
7938
7939
7941
7942
7944
7946
7948
2364
2365
10891
10871
10899
10879
10907
10858
10598
10599
10600
10601
10602
10603
10604
10605
1773
1774
1775
1776
1777
1778
1779
1780
10597
1859
1865
9254
9253
10768
10769
10938
5048
5049
5050
5059
5060
5061
5046
5047
10641
9252
5062
5070
11017
7614
1854
1855
10770
11026
11027
11028
11029
11030
10771
8087
8092
8097
8102
8107
8112
8117
8122
8137
8127
7638
7639
7640
7641
7642
7643
7644
7645
7860
8084
8089
8094
8099
8104
8109
8114
8119
8134
8124
1736
1737
8016
1856
1836
26068
7615
10763
10767
10762
10614
10616
10764
10615
10617
43797
10765
9366
4430
10917
5043
9367
4431
4432
1903
5041
10778
5042
10918
5044
10919
5045
4429
1921
4433
1813
1814
1922
43217
10766
8011
10773
10777
10774
10775
10776
10857
1914
11025
11024
10739
10738
2727
2728
10939
10940
10941
10942
10943
10944
2729
469
2644
2645
2646
2647
2648
2649
2650
2661
2675
9775
9778
9776
9783
9782
9781
9780
9779
9771
9772
9773
9774
9839
9837
9836
9834
8224
8225
8226
8227
8228
8229
8230
8231
9826
9825
9784
9827
9828
9829
9830
8149
9777
43828
43829
43830
43831
43832
43833
43834
43835
43836
43837
43838
43839
43840
43841
413
2563
2564
2565
2566
2567
2568
2569
2578
2592
9689
9692
9690
9697
9696
9695
9694
9693
9685
9686
9687
9688
9753
9751
9750
9748
8193
8194
8195
8196
8197
8198
8199
8200
9740
9739
9698
9741
9742
9743
9744
8147
9691
43860
43861
43862
43863
43864
43865
43866
43867
43868
43869
43870
43871
43872
43873
1719
1720
1721
1722
1723
1724
1725
1726
2062
2076
10787
10790
10788
10795
10794
10793
10792
10791
10783
10784
10785
10786
10855
10853
10852
10850
8160
8161
8162
8163
8164
8165
8166
8167
10842
10841
10796
10843
10844
10845
10846
8144
10789
43874
43875
43876
43877
43878
43879
43880
43881
43882
43883
43884
43885
43886
43887
7900
7901
7902
7903
7904
7905
7906
7907
9221
9223
9225
9227
9229
9231
9233
9235
9236
9237
9238
9239
9240
9241
9242
9243
9244
9245
9246
9247
9248
9249
9250
9251
9093
9095
9097
9099
9101
9103
9105
9107
9109
9111
9113
9115
9117
9119
9121
9123
9124
9125
9198
9199
9200
9201
9202
9203
9204
9205
9206
9207
9208
9209
9210
9211
7908
7909
7910
7911
7912
7913
7914
7915
9167
9169
9171
9173
9175
9177
9179
9181
9182
9183
9184
9185
9186
9187
9188
9189
9190
9191
9192
9193
9194
9195
9196
9197
7878
7879
7880
7881
7882
7883
7884
7885
7886
7887
7888
7889
7890
7891
7892
7893
9142
9143
9144
9145
9146
9147
9148
9149
9150
9151
9152
9153
9154
9155
9156
9157
10993
10996
8673
10999
11001
11004
11006
11008
11010
10994
10997
10998
11000
11002
11005
11007
11009
11011
44037
1716
1717
1718
10741
7827
7828
7832
7833
7842
7843
7844
7845
11012
11013
11014
11015
7826
5067
7814
10619
10618
40160
5068
5064
2561
10643
10648
10653
10658
10663
10668
10673
10678
44054
44055
2208
2204
2205
2206
44056
10626
10630
10627
10628
10629
10682
10683
10631
10632
10633
10684
10685
10686
10687
10693
10695
10697
10699
10701
10703
10705
10707
10709
10711
10713
10715
10717
10719
10721
10723
1738
2886
10724
10725
10726
10727
10728
10729
10730
10731
10732
10733
10734
10735
10736
10737
8581
8588
8597
8605
8611
8617
8623
8629
8635
8641
44093
44094
44096
44098
44100
44101
2126
8647
8649
8651
8652
8653
8654
8655
8656
8658
10920
10921
10922
10923
10924
10925
8579
8587
8595
8604
8610
8616
8622
8628
8634
8640
44119
44120
44121
44122
44123
44124
8646
8648
8650
8659
8660
8661
8663
8664
9993
8666
10926
10927
10928
10931
10932
10933
8583
8592
8601
8607
8613
8619
8625
8631
8637
8643
44141
44142
44143
44144
44145
44146
2127
8590
8599
8606
8612
8618
8624
8630
8636
8642
44147
44148
44149
44150
44151
44152
8585
8594
8603
8609
8615
8621
8627
8633
8639
8645
44153
44154
44155
44156
44157
44158
8584
8593
8602
8608
8614
8620
8626
8632
8638
8644
44159
44160
44161
44162
44163
44164
7798
7799
7800
7801
7802
7803
7804
7805
7806
7807
7808
7809
7810
7811
7812
7813
7737
7738
7740
7741
7742
7762
7763
7764
7765
7791
7792
7793
7794
7795
7796
7797
7674
7675
7676
7677
7678
7679
7680
7681
9061
9063
9065
9067
9069
9071
9073
9075
9076
9077
9078
9079
9080
9081
9082
9083
9084
9085
9086
9087
9088
9089
9090
9091
10596
11032
11033
11034
11035
11036
11037
11038
11039
11040
11041
11042
11043
11044
11045
11046
11047
11048
9025
9027
9029
9031
9033
9035
9037
9039
9041
9043
9045
9047
9049
9051
7682
7683
7684
7685
7686
7687
7688
7689
8993
8995
8997
8999
9001
9003
9005
9007
9008
9009
9010
9011
9012
9013
9014
9015
9016
9017
9018
9019
9020
9021
9022
9023
7646
7647
7648
7649
7650
7651
7652
7653
7654
7655
7656
7657
7658
7659
7660
7661
8955
8957
8959
8961
8963
8965
8967
8969
8971
8973
8975
8977
8979
8981
8982
8983
9454
9455
9456
9457
9458
9459
9460
9461
3148
3149
3150
3151
3152
3153
3154
3155
9453
9448
9449
9450
3135
9447
9446
9451
9452
9441
9442
9443
3119
9440
9439
9444
9445
9434
9435
9436
3103
9433
9432
9437
9438
9427
9428
9429
3087
9426
9425
9430
9431
9420
9421
9422
3071
9419
9418
9423
9424
9413
9414
9415
3055
9412
9411
9416
9417
9406
9407
9408
3039
9405
9404
9409
9410
9399
9400
9401
3023
9398
9397
9402
9403
9392
9393
9394
3007
9391
9390
9395
9396
9385
9386
9387
2991
9384
9383
9388
9389
9378
9379
9380
2975
9377
9376
9381
9382
9371
9372
9373
2959
9370
9369
9374
9375
9856
9857
9858
584
9855
9854
9859
9860
9849
9850
9851
2733
9848
9847
9852
9853
9842
9843
9844
529
9841
9840
9845
9846
10007
10008
10009
1178
10006
10005
10010
10011
10000
10001
10002
1164
9999
9998
10003
10004
9992
9994
9995
1145
9991
9990
9996
9997
9983
9984
9985
1066
9982
9981
9986
9987
9976
9977
9978
1052
9975
9974
9979
9980
9969
9970
9971
1033
9968
9967
9972
9973
9960
9961
9962
954
9959
9958
9963
9964
9953
9954
9955
940
9952
9951
9956
9957
9946
9947
9948
921
9945
9944
9949
9950
9937
9938
9939
729
9936
9935
9940
9941
9930
9931
9932
715
9929
9928
9933
9934
9923
9924
9925
696
9922
9921
9926
9927
5749
5011
687
5012
5774
9919
684
682
9917
9301
9302
9303
9304
5787
5789
9305
5790
9910
9920
685
683
9918
9908
5185
5186
5187
5188
5189
5190
5191
5192
5193
5194
5195
5196
5197
5198
5199
3204
5200
5201
5202
5203
5204
5205
5206
5207
5208
5209
5210
5211
5212
5213
5214
5328
5329
5330
5331
5332
5333
5334
5335
5336
5337
5338
5339
5340
5341
5342
5343
5444
5445
5446
5447
5448
5449
5450
5451
5452
5453
5454
5455
5456
5457
5458
5459
8378
5151
8379
8380
8381
8382
8383
8384
8385
8386
8387
8388
8389
5441
5442
5461
44385
44386
44387
44388
44389
44390
44391
44392
44393
44394
44395
44396
20173
25240
34733
44397
772
689
4994
9909
5248
5249
5250
5251
5252
5253
5254
5255
5256
5257
5258
5259
5260
5261
5262
5263
5391
5392
5393
5394
5395
5396
5397
5398
5399
5400
5401
5402
5403
5404
5405
5406
5460
5462
5463
5464
5465
5466
5499
5500
5501
5502
5503
5504
5505
5506
5522
5523
28802
44399
30895
28953
44400
30752
26831
35221
44401
44402
29682
29245
44403
31668
27345
44404
821
8567
690
692
691
9942
6150
6151
6152
6153
6154
6155
6156
6157
6158
6159
6160
6161
6162
6163
6164
6165
6166
6167
6168
6169
6170
6171
6172
6173
6174
6175
6176
6177
6178
6179
6180
6263
6264
6265
6266
6267
6268
6269
6270
6271
6272
6273
6274
6275
6276
6277
6278
5831
5832
5833
5834
5835
5836
5837
5838
5839
5840
5841
5842
5843
5844
5845
5846
5816
5817
5819
5821
5822
5823
5824
5825
5826
5827
5828
5829
5830
5857
5858
5859
36910
36911
28094
36912
26282
36355
36499
36913
36643
36787
19041
19483
36914
36915
36916
36917
861
9943
6215
6216
6217
6218
6219
6220
6221
6222
6223
6224
6225
6226
6227
6228
6229
6230
6326
6327
6328
6329
6330
6331
6332
6333
6334
6335
6336
6337
6338
6339
6340
6341
5856
5860
5861
5862
5863
5864
5897
5898
5899
5900
5901
5902
5903
5905
5926
5927
44450
44451
18740
44452
44453
44454
44455
44456
18890
42424
44457
44458
44459
19191
44460
19336
895
9965
6737
6738
6739
6740
6741
6742
6743
6744
6745
6746
6747
6748
6749
6750
6751
6752
6753
6754
6755
6756
6757
6758
6759
6760
6761
6762
6763
6764
6765
6766
6767
6850
6851
6852
6853
6854
6855
6856
6857
6858
6859
6860
6861
6862
6863
6864
6865
6418
6419
6420
6421
6422
6423
6424
6425
6426
6427
6428
6429
6430
6431
6432
6433
6403
6404
6406
6408
6409
6410
6411
6412
6413
6414
6415
6416
6417
6444
6445
6446
44492
44493
44494
28491
43621
44495
44496
29102
44497
44498
29387
44499
35875
44500
34102
44501
973
9966
6802
6803
6804
6805
6806
6807
6808
6809
6810
6811
6812
6813
6814
6815
6816
6817
6913
6914
6915
6916
6917
6918
6919
6920
6921
6922
6923
6924
6925
6926
6927
6928
6443
6447
6448
6449
6450
6451
6484
6485
6486
6487
6488
6489
6490
6492
6513
6514
44531
29530
44532
44533
30609
44534
44535
44536
44537
44538
44539
44540
44541
44542
44543
44544
1007
9988
7302
7303
7304
7305
7306
7307
7308
7309
7310
6383
7311
7312
7313
7314
7315
7316
7317
7318
7319
7320
7321
7322
7323
7324
7325
6384
7326
7327
7328
7329
7330
7413
7414
7415
7416
7417
7418
7419
7420
7421
7422
7423
7424
7425
7426
7427
7428
6988
6989
6990
6991
6992
5176
5158
6993
6994
6995
6996
6997
6998
6999
7000
7001
6981
6982
6984
6986
6987
2741
2742
2743
2744
2745
2746
2747
2748
2754
2749
2750
44576
44577
44578
44579
44580
44581
44582
44583
44584
44585
44586
44587
44588
44589
44590
44591
1085
9989
7365
7366
7367
7368
7369
7370
7371
7372
7373
7374
7375
7376
7377
7378
7379
7380
7476
7477
7478
7479
7480
7481
7482
7483
7484
7485
7486
7487
7488
7489
7490
7491
2751
2752
2753
2757
2756
2755
7043
7044
7045
7046
7047
7048
7049
7051
7072
7073
44623
44624
44625
44626
44627
44628
44629
44630
44631
44632
44633
44634
44635
44636
44637
44638
1119
9862
9325
2895
9866
9327
2894
9870
9329
2896
9874
9331
2897
9878
2898
2899
2900
2902
2904
2906
2908
2910
2912
2914
2916
9863
9864
9867
9868
9871
9872
9875
9876
9879
9306
2933
9308
2934
9310
2935
9312
2936
9314
2937
9316
2938
9318
2939
9320
2941
9322
2943
2945
2947
2949
2951
2953
2955
9307
9309
9311
9313
9315
9317
9319
9321
9323
9892
9897
9896
9893
9894
9895
8813
8814
8815
8816
8687
8689
8691
8693
8695
8697
8699
8571
8572
8573
8574
8575
8576
8578
8580
8582
8586
8589
8591
8596
8598
8600
8657
8662
8665
8667
8669
8672
8674
8675
8676
8677
8678
8679
8680
8681
8682
8683
8684
4451
4458
8540
8541
8542
8543
8544
8545
8546
8547
8548
8549
8550
8551
8552
8553
8554
8555
8556
8557
8558
8559
8560
8561
8562
8563
8564
8565
8566
8568
8569
8570
4454
39064
8769
8770
8771
8772
8773
8774
8775
8776
8777
8778
8779
8780
8781
8782
8783
8784
8785
8786
8787
8788
8789
8790
8791
8792
8793
8794
8795
8796
8797
8798
8799
8800
8768
8767
8765
8766
8940
8941
8942
8943
8944
8945
8946
8458
8459
8460
1715
1711
1651
1675
1652
1676
1655
40168
10545
10550
10555
10560
10565
10570
10575
10580
10585
44672
44673
44674
44675
44676
44677
44678
10529
10533
10530
10531
10532
10589
10590
10534
10535
10536
10591
10592
10593
10594
1586
1598
1610
1622
1587
1599
1611
1623
1590
1602
1614
1626
40167
10472
10477
10482
10487
10492
10497
10502
10507
10512
44693
44694
44695
44696
44697
44698
44699
1591
1603
1615
1627
10456
10460
10457
10458
10459
10516
10517
10461
10462
10463
10518
10519
10520
10521
1521
1533
1545
1557
1522
1534
1546
1558
1525
1537
1549
1561
40166
10399
10404
10409
10414
10419
10424
10429
10434
10439
44714
44715
44716
44717
44718
44719
44720
1526
1538
1550
1562
10383
10387
10384
10385
10386
10443
10444
10388
10389
10390
10445
10446
10447
10448
1456
1468
1480
1492
1457
1469
1481
1493
1460
1472
1484
1496
40165
10327
10332
10337
10342
10347
10352
10357
10362
10367
44735
44736
44737
44738
44739
44740
44741
1461
1473
1485
1497
10311
10315
10312
10313
10314
10371
8577
10316
10317
10318
10372
10373
10374
10375
1391
1403
1415
1427
1392
1404
1416
1428
1395
1407
1419
1431
40164
10254
10259
10264
10269
10274
10279
10284
10289
10294
44756
44757
44758
44759
44760
44761
44762
1396
1408
1420
1432
10238
10242
10239
10240
10241
10298
10299
10243
10244
10245
10300
10301
10302
10303
1326
1338
1350
1362
1327
1339
1351
1363
1330
1342
1354
1366
40163
10181
10186
10191
10196
10201
10206
10211
10216
10221
44777
44778
44779
44780
44781
44782
44783
1331
1343
1355
1367
10165
10169
10166
10167
10168
10225
10226
10170
10171
10172
10227
10228
10229
10230
1261
1273
1285
1297
1262
1274
1286
1298
1265
1277
1289
1301
40162
10108
10113
10118
10123
10128
10133
10138
10143
10148
44798
44799
44800
44801
44802
44803
44804
1266
1278
1290
1302
10092
10096
10093
10094
10095
10152
10153
10097
10098
10099
10154
10155
10156
10157
1208
1224
1236
1248
1211
1228
1239
1251
1214
1231
1242
1254
40161
10035
10040
10045
10050
10055
10060
10065
10070
10075
2784
44819
44820
44821
2779
2781
2783
1217
1233
1245
1223
10019
10023
10020
10021
10022
10079
10080
10024
10025
10026
10081
10082
10083
10084
9534
4669
4663
9470
4717
9558
9550
9557
9548
9554
9553
9549
9559
9561
9556
9560
9552
4681
4682
4683
4684
4685
4686
4687
4688
4680
4689
4690
4691
9551
4703
4704
9528
9527
9529
9531
9537
9538
4719
377
378
379
376
4702
4700
375
4665
9555
4714
4713
9541
9543
9547
9545
9546
9544
9542
9539
9540
4698
381
9472
9474
9476
9478
9496
9498
9500
9502
385
384
9503
9479
9511
9487
9519
9594
9595
9596
9597
9598
9599
9600
9601
9602
9603
9604
9605
9606
9607
9608
9609
9610
9611
9612
9613
9614
9615
9626
9627
9628
9629
9630
9631
9632
9633
9634
9635
9562
9563
9564
9565
9566
9567
9568
9569
9570
9571
9572
9573
9574
9575
9576
9577
9578
9579
9580
9581
9582
9583
9584
9585
9586
9587
9588
9589
9590
9591
9592
9593
9616
9617
9618
9619
9620
9621
9622
9623
9624
9625
9636
9637
9638
9639
9640
9641
9642
9643
9644
9645
9646
9647
9648
9649
9650
9651
9652
9653
9654
9655
9656
9657
8808
8810
8812
8805
8685
8807
8806
8811
8809
8801
8802
8803
8804
10
8818
8820
8822
8824
8842
8844
8846
8848
31
30
8849
8825
8857
8833
8865
4487
4488
4526
4492
4493
4494
4495
4496
4497
4498
4499
4491
4500
4501
4502
4473
4474
4482
4481
4483
4520
4489
4486
4485
4519
4518
