10,140
10,250
10,202
10,172
10,200
10,234
10,114
10,286
11,10
11,6
11,4
11,18
11,20
11,12
11,2
11,3
9,6
9,4
8,6
8,15
8,16
8,5
8,8
220,7
220,6
220,5
220,4
220,3
220,2
220,1
220,0
219,5
219,4
219,3
219,2
219,1
219,0
218,8
218,7
218,6
218,5
218,4
218,3
218,2
218,1
218,0
217,11
217,10
217,9
217,8
217,7
217,6
217,5
217,4
217,3
217,2
217,1
217,0
216,7
216,6
216,5
216,4
216,3
216,2
216,1
216,0
215,3
215,2
215,1
215,0
213,3
213,2
213,1
213,0
211,4
211,3
211,2
211,1
211,0
210,7
210,6
210,5
210,4
210,3
210,2
210,1
210,0
209,6
209,5
209,4
209,3
209,2
209,1
209,0
207,7
207,1
24,3
24,1
20,3
20,2
20,1
19,3
19,2
19,1
14,9
12,3
12,2
12,1
11,29
11,28
11,27
11,26
11,25
11,24
11,11
11,9
11,1
11,5
10,295
10,273
18,1
10,269
